VITE_LATITUDE=32.95325541910332
VITE_LONGITUDE=-117.24177865770446
VITE_TIME_INTERVAL=5000
