VITE_LATITUDE=32.95325541910332
VITE_LONGITUDE=-117.24177865770446
VITE_API_SYNC_TIME_INTERVAL=60000
VITE_SYSTEM_SYNC_TIME_INTERVAL=1000
